(-58.77852522924732, -80.90169943749473) (58.77852522924729, -80.90169943749476)
(-2.842170943040401e-14, -161.80339887498948)
(6.123233995736766e-15, 100.0) (-1.4210854715202004e-14, -80.90169943749474)
FOOFOO
180.90169943749476
[[0.8090169943749476,0],[0,0.8090169943749476]]
<polyline points = "6.123233995736766e-15,100.0 -31.70188387650511,76.96723314583157 0,0 -63.40376775301023,53.93446629166316 -95.10565162951535,30.901699437494752 -82.99660949609267,-6.36610018750174 0,0 -70.88756736266998,-43.63389981249823 -58.77852522924732,-80.90169943749473 -19.592841743082445,-80.90169943749473 0,0 19.592841743082424,-80.90169943749474 58.77852522924729,-80.90169943749476 70.88756736266998,-43.633899812498264 0,0 82.99660949609267,-6.366100187501775 95.10565162951536,30.901699437494717 63.40376775301024,53.93446629166314 0,0 31.701883876505125,76.96723314583156 6.123233995736766e-15,100.0 "  stroke="rgb(0,0,0)"  stroke-width="2"  fill="rgb(255,255,255)" />
<polyline points = "-47.55282581475768,65.45084971874738 -57.3492466862989,35.30056647916492 0.0,0.0 -67.14566755784011,5.150283239582464 -76.94208842938134,-24.999999999999993 -51.294725619587574,-43.63389981249824 0.0,0.0 -25.647362809793787,-62.267799624996485 -1.4210854715202004e-14,-80.90169943749476 25.64736280979377,-62.2677996249965 0.0,0.0 51.29472561958755,-43.63389981249826 76.94208842938134,-25.000000000000025 67.14566755784013,5.150283239582439 0.0,0.0 57.34924668629892,35.3005664791649 47.55282581475771,65.45084971874736 15.850941938252578,65.45084971874738 0.0,0.0 -15.850941938252546,65.45084971874738 -47.55282581475768,65.45084971874738 "  stroke="rgb(0,0,0)"  stroke-width="2"  fill="rgb(255,255,255)" />
<polyline points = "-62.24745712206953,20.225424859373692 -54.32198615294324,-4.166666666666661 0.0,0.0 -46.39651518381696,-28.55875819270702 -38.47104421469068,-52.95084971874738 -12.823681404896906,-52.950849718747385 0.0,0.0 12.823681404896881,-52.95084971874738 38.47104421469067,-52.9508497187474 46.39651518381695,-28.55875819270703 0.0,0.0 54.32198615294324,-4.1666666666666785 62.247457122069534,20.22542485937368 41.49830474804636,35.300566479164914 0.0,0.0 20.749152374023193,50.37570809895615 2.4868995751603507e-14,65.45084971874739 -20.749152374023165,50.37570809895617 0.0,0.0 -41.49830474804634,35.30056647916493 -62.24745712206953,20.225424859373692 "  stroke="rgb(0,0,0)"  stroke-width="2"  fill="rgb(255,255,255)" />
<polyline points = "-50.35925066838011,-16.36271242968685 -33.57283377892007,-28.558758192707028 0.0,0.0 -16.78641688946004,-40.75480395572721 -3.552713678800501e-15,-52.95084971874739 16.78641688946003,-40.75480395572722 0.0,0.0 33.572833778920064,-28.558758192707028 50.35925066838011,-16.36271242968686 43.94740996593166,3.370904143228941 0.0,0.0 37.53556926348322,23.10452071614474 31.12372856103478,42.83813728906054 10.374576187011598,42.83813728906054 0.0,0.0 -10.374576187011575,42.838137289060555 -31.123728561034753,42.83813728906056 -37.53556926348321,23.104520716144762 0.0,0.0 -43.947409965931655,3.370904143228959 -50.35925066838011,-16.36271242968685 "  stroke="rgb(0,0,0)"  stroke-width="2"  fill="rgb(255,255,255)" />
<polyline points = "-25.17962533419006,-34.65678107421713 -8.393208444730021,-34.65678107421712 0.0,0.0 8.39320844473002,-34.65678107421713 25.179625334190053,-34.65678107421713 30.36691342769585,-18.691949906249143 0.0,0.0 35.55420152120164,-2.7271187382811437 40.741489614707454,13.237712429686846 27.160993076471634,23.104520716144748 0.0,0.0 13.58049653823582,32.97132900260265 1.0658141036401503e-14,42.838137289060555 -13.580496538235806,32.97132900260266 0.0,0.0 -27.160993076471627,23.104520716144762 -40.74148961470745,13.23771242968687 -35.554201521201655,-2.7271187382811313 0.0,0.0 -30.366913427695856,-18.69194990624913 -25.17962533419006,-34.65678107421713 "  stroke="rgb(0,0,0)"  stroke-width="2"  fill="rgb(255,255,255)" />
<polyline points = "0.0,-34.656781074217136 10.986852491482917,-26.674365490233132 0.0,0.0 21.97370498296584,-18.69194990624914 32.960557474448755,-10.709534322265144 28.763953252083745,2.2062854049478027 0.0,0.0 24.56734902971873,15.122105132160755 20.37074480735373,28.03792485937371 6.790248269117914,28.03792485937371 0.0,0.0 -6.790248269117905,28.03792485937371 -20.37074480735372,28.03792485937371 -24.567349029718734,15.122105132160765 0.0,0.0 -28.763953252083752,2.206285404947817 -32.96055747444877,-10.70953432226513 -21.97370498296585,-18.691949906249135 0.0,0.0 -10.986852491482923,-26.674365490233132 0.0,-34.656781074217136 "  stroke="rgb(0,0,0)"  stroke-width="2"  fill="rgb(255,255,255)" />
