(-58.77852522924732, -80.90169943749473) (58.77852522924729, -80.90169943749476)
(-2.842170943040401e-14, -161.80339887498948)
(6.123233995736766e-15, 100.0) (-1.4210854715202004e-14, -80.90169943749474)
FOOFOO
180.90169943749476
[[0.61803398875,0],[0,0.61803398875]]
<polyline points = "6.123233995736766e-15,100.0 -31.70188387650511,76.96723314583157 0,0 -63.40376775301023,53.93446629166316 -95.10565162951535,30.901699437494752 -82.99660949609267,-6.36610018750174 0,0 -70.88756736266998,-43.63389981249823 -58.77852522924732,-80.90169943749473 -19.592841743082445,-80.90169943749473 0,0 19.592841743082424,-80.90169943749474 58.77852522924729,-80.90169943749476 70.88756736266998,-43.633899812498264 0,0 82.99660949609267,-6.366100187501775 95.10565162951536,30.901699437494717 63.40376775301024,53.93446629166314 0,0 31.701883876505125,76.96723314583156 6.123233995736766e-15,100.0 "  stroke="rgb(0,0,0)"  stroke-width="2"  fill="rgb(255,255,255)" />
<polyline points = "-36.32712640027423,50.00000000000851 -43.81092600993525,26.96723314583617 0.0,0.0 -51.29472561959629,3.9344662916638384 -58.778525229257326,-19.0983005625085 -39.185683486171556,-33.333333333339006 0.0,0.0 -19.592841743085778,-47.5683661041695 -1.0658141036401503e-14,-61.803398875000006 19.592841743085764,-47.568366104169506 0.0,0.0 39.18568348617154,-33.33333333333902 58.77852522925731,-19.098300562508527 51.29472561959629,3.934466291663817 0.0,0.0 43.81092600993527,26.96723314583616 36.327126400274246,50.0000000000085 12.109042133424754,50.000000000008505 0.0,0.0 -12.109042133424731,50.0000000000085 -36.32712640027423,50.00000000000851 "  stroke="rgb(0,0,0)"  stroke-width="2"  fill="rgb(255,255,255)" />
<polyline points = "-36.32712640028042,11.803398874993503 -31.701883876515907,-2.4316338958394166 0.0,0.0 -27.076641352751416,-16.66666666667234 -22.451398828986925,-30.90169943750526 -7.483799609662309,-30.90169943750527 0.0,0.0 7.4837996096623005,-30.901699437505265 22.451398828986907,-30.90169943750527 27.07664135275141,-16.666666666672345 0.0,0.0 31.701883876515915,-2.4316338958394272 36.32712640028042,11.80339887499349 24.218084266853616,20.601132958336837 0.0,0.0 12.109042133426817,29.398867041680184 1.4210854715202004e-14,38.19660112502352 -12.109042133426794,29.398867041680184 0.0,0.0 -24.2180842668536,20.60113295833684 -36.32712640028042,11.803398874993503 "  stroke="rgb(0,0,0)"  stroke-width="2"  fill="rgb(255,255,255)" />
<polyline points = "-22.45139882899074,-7.294901687519501 -14.967599219327155,-12.732200375010004 0.0,0.0 -7.48379960966358,-18.16949906250052 -7.105427357601002e-15,-23.60679774999103 7.483799609663576,-18.16949906250052 0.0,0.0 14.967599219327155,-12.73220037501001 22.451398828990733,-7.294901687519504 19.592841743092443,1.502832395825335 0.0,0.0 16.73428465719416,10.300566479170172 13.875727571295872,19.098300562515007 4.625242523765293,19.098300562515014 0.0,0.0 -4.625242523765282,19.098300562515018 -13.875727571295855,19.098300562515018 -16.73428465719415,10.300566479170179 0.0,0.0 -19.592841743092443,1.502832395825342 -22.45139882899074,-7.294901687519501 "  stroke="rgb(0,0,0)"  stroke-width="2"  fill="rgb(255,255,255)" />
<polyline points = "-8.575671257696335,-11.803398874997526 -2.858557085898779,-11.803398874997521 0.0,0.0 2.858557085898777,-11.803398874997526 8.575671257696332,-11.803398874997528 10.34235669556363,-6.366100187506091 0.0,0.0 12.109042133430929,-0.9288015000146546 13.875727571298226,4.508497187476779 9.25048504753215,7.86893258333168 0.0,0.0 4.6252425237660795,11.229367979186582 7.105427357601002e-15,14.589803375041484 -4.625242523766072,11.229367979186586 0.0,0.0 -9.25048504753215,7.868932583331688 -13.875727571298224,4.50849718747679 -12.109042133430927,-0.9288015000146483 0.0,0.0 -10.34235669556363,-6.366100187506086 -8.575671257696335,-11.803398874997526 "  stroke="rgb(0,0,0)"  stroke-width="2"  fill="rgb(255,255,255)" />
<polyline points = "0.0,-9.016994374955104 2.858557085899263,-6.940131083318211 0.0,0.0 5.71711417179853,-4.8632677916813245 8.575671257697795,-2.7864045000444366 7.483799609666129,0.5740308958110374 0.0,0.0 6.391927961634463,3.9344662916665105 5.300056313602796,7.294901687521982 1.7666854378675994,7.294901687521982 0.0,0.0 -1.7666854378675958,7.294901687521985 -5.300056313602791,7.294901687521987 -6.391927961634462,3.9344662916665145 0.0,0.0 -7.4837996096661294,0.5740308958110423 -8.575671257697795,-2.7864045000444286 -5.7171141717985305,-4.863267791681319 0.0,0.0 -2.8585570858992657,-6.94013108331821 0.0,-9.016994374955104 "  stroke="rgb(0,0,0)"  stroke-width="2"  fill="rgb(255,255,255)" />
